0 0.619208 0.445369 0.122874 0.131113
0 0.758211 0.436785 0.265396 0.281478
0 0.829472 0.496098 0.197947 0.128512
0 0.313490 0.221904 0.102639 0.150364
0 0.250733 0.457596 0.247507 0.075442
0 0.241349 0.336889 0.083871 0.087929
0 0.160117 0.703954 0.161290 0.096774
0 0.442082 0.730749 0.074780 0.095213
0 0.602199 0.771332 0.059531 0.092092
0 0.458798 0.625390 0.097067 0.078044
0 0.787830 0.674558 0.080645 0.083767
0 0.422434 0.356400 0.216716 0.167534
0 0.426246 0.250520 0.191496 0.195109
0 0.631085 0.645421 0.031085 0.072320
1 0.337390 0.774454 0.256598 0.451093
1 0.648974 0.791363 0.263930 0.416233
0 0.270674 0.405047 0.056305 0.053590
