1 0.180729 0.643519 0.360417 0.712963
1 0.636719 0.640278 0.279687 0.719444
0 0.329427 0.738426 0.191146 0.180556
0 0.495052 0.734722 0.148438 0.156481
0 0.327865 0.431019 0.133854 0.260185
0 0.353385 0.455093 0.143229 0.141667
0 0.471094 0.454630 0.098437 0.140741
0 0.522917 0.172222 0.144792 0.157407
0 0.365885 0.111574 0.188021 0.134259
0 0.768750 0.035185 0.412500 0.068519
0 0.848437 0.238889 0.156250 0.244444
0 0.919271 0.270833 0.160417 0.258333
0 0.941927 0.125463 0.116146 0.115741
0 0.986979 0.179167 0.021875 0.136111
0 0.984375 0.045833 0.031250 0.086111
0 0.184635 0.920370 0.048438 0.096296
