0 0.177865 0.905556 0.053646 0.105556
0 0.318750 0.745370 0.207292 0.166667
0 0.495312 0.731019 0.145833 0.149074
0 0.333073 0.477778 0.206771 0.146296
0 0.327865 0.456944 0.132812 0.286111
0 0.387760 0.162500 0.221354 0.160185
0 0.502344 0.223148 0.138021 0.155556
0 0.469010 0.447685 0.097396 0.195370
0 0.850260 0.240278 0.153646 0.247222
0 0.920573 0.273148 0.158854 0.272222
0 0.942969 0.127778 0.114062 0.120370
0 0.987500 0.169444 0.022917 0.140741
0 0.984375 0.043519 0.031250 0.085185
0 0.770052 0.031944 0.406771 0.062037
1 0.629687 0.582870 0.261458 0.834259
1 0.197396 0.519907 0.393750 0.960185
