1 0.548438 0.724537 0.270833 0.550926
0 0.158854 0.890741 0.104167 0.138889
0 0.321354 0.748148 0.212500 0.187037
0 0.462500 0.718981 0.075000 0.136111
0 0.478125 0.466667 0.133333 0.179630
0 0.314063 0.481944 0.212500 0.137963
0 0.314844 0.456944 0.144271 0.280556
0 0.511719 0.226852 0.145313 0.150000
0 0.355469 0.188426 0.173437 0.139815
0 0.766146 0.031481 0.398958 0.061111
0 0.848177 0.237037 0.154688 0.246296
0 0.919531 0.269907 0.160938 0.265741
0 0.943229 0.121759 0.113542 0.091667
0 0.987240 0.170833 0.024479 0.139815
0 0.984635 0.040741 0.030729 0.075926
