0 0.240365 0.284722 0.148438 0.260185
0 0.394271 0.339352 0.089583 0.176852
0 0.465104 0.665278 0.185417 0.280556
0 0.645833 0.684722 0.108333 0.276852
0 0.534896 0.353241 0.086458 0.143519
0 0.573958 0.181944 0.083333 0.132407
0 0.830208 0.293519 0.095833 0.200000
0 0.833854 0.519444 0.073958 0.125926
0 0.867708 0.673611 0.156250 0.150926
0 0.748177 0.637963 0.073438 0.164815
0 0.992188 0.198611 0.015625 0.067593
0 0.019010 0.443981 0.036979 0.213889
1 0.711198 0.367593 0.295312 0.733333
1 0.023177 0.200463 0.045312 0.393519
