1 0.375000 0.298148 0.212500 0.594444
1 0.791667 0.211574 0.194792 0.421296
0 0.019010 0.481944 0.036979 0.323148
0 0.254688 0.318981 0.152083 0.254630
0 0.622656 0.215741 0.161979 0.187037
0 0.548698 0.382870 0.084896 0.145370
0 0.683073 0.437500 0.085938 0.134259
0 0.619271 0.526852 0.036458 0.096296
0 0.838802 0.322685 0.095312 0.195370
0 0.847917 0.551389 0.073958 0.123148
0 0.879167 0.706019 0.151042 0.149074
0 0.761458 0.668056 0.077083 0.182407
0 0.549479 0.704167 0.138542 0.156481
0 0.477083 0.692593 0.179167 0.292593
0 0.456510 0.587500 0.052604 0.108333
