0 0.259375 0.322222 0.142708 0.257407
0 0.443490 0.557407 0.080729 0.183333
0 0.555729 0.715741 0.146875 0.153704
0 0.480469 0.688426 0.174479 0.300926
0 0.550000 0.386574 0.088542 0.154630
0 0.622396 0.191204 0.134375 0.169444
0 0.684115 0.435185 0.086979 0.133333
0 0.624479 0.527315 0.032292 0.089815
0 0.844010 0.322222 0.091146 0.188889
0 0.849219 0.549537 0.076563 0.136111
0 0.882031 0.706019 0.156771 0.149074
0 0.766406 0.665278 0.067187 0.193519
0 0.021875 0.487037 0.042708 0.340741
1 0.746875 0.172222 0.201042 0.342593
1 0.277083 0.047222 0.138542 0.092593
