1 0.664323 0.056481 0.122396 0.111111
1 0.320573 0.062500 0.118229 0.123148
0 0.423958 0.060185 0.152083 0.118519
0 0.623437 0.306944 0.134375 0.221296
0 0.556510 0.385185 0.077604 0.140741
0 0.278385 0.343981 0.076563 0.125000
0 0.446615 0.550463 0.081771 0.187963
0 0.557031 0.705556 0.136979 0.170370
0 0.482292 0.690741 0.171875 0.303704
0 0.021875 0.489815 0.042708 0.364815
0 0.683854 0.424074 0.097917 0.131481
0 0.622917 0.519444 0.037500 0.085185
0 0.766146 0.674074 0.066667 0.185185
0 0.885938 0.698148 0.160417 0.150000
0 0.852344 0.540278 0.079687 0.136111
0 0.845052 0.310648 0.108854 0.182407
