0 0.036719 0.481481 0.072396 0.359259
0 0.623437 0.292593 0.141667 0.203704
0 0.577865 0.395370 0.086979 0.135185
0 0.465885 0.559722 0.084896 0.187963
0 0.578125 0.708333 0.141667 0.159259
0 0.502344 0.692130 0.180729 0.300926
0 0.787240 0.674537 0.073438 0.163889
0 0.908594 0.717593 0.157812 0.146296
0 0.873177 0.556481 0.072396 0.129630
0 0.758333 0.533333 0.072917 0.112963
0 0.790104 0.352315 0.111458 0.156481
0 0.722135 0.412037 0.159896 0.268519
0 0.645573 0.530556 0.035937 0.081481
0 0.690104 0.406019 0.088542 0.147222
