0 0.306771 0.611111 0.207292 0.296296
0 0.479167 0.583333 0.068750 0.137037
0 0.576562 0.715741 0.081250 0.081481
0 0.678906 0.837963 0.059896 0.250000
0 0.711979 0.684722 0.128125 0.175000
0 0.365885 0.456019 0.091146 0.137963
0 0.350260 0.243519 0.215104 0.325926
0 0.459375 0.241204 0.066667 0.089815
0 0.542969 0.190278 0.050521 0.115741
0 0.625260 0.300000 0.091146 0.140741
0 0.700000 0.184259 0.063542 0.120370
0 0.742969 0.081019 0.049479 0.143519
0 0.754948 0.386574 0.038021 0.065741
1 0.771875 0.510185 0.456250 0.307407
