1 0.868750 0.470370 0.262500 0.235185
0 0.204427 0.272222 0.206771 0.300000
0 0.310677 0.243981 0.069271 0.080556
0 0.395052 0.181944 0.056771 0.125000
0 0.474740 0.289352 0.088021 0.134259
0 0.547917 0.164815 0.061458 0.118519
0 0.583333 0.066667 0.041667 0.131481
0 0.604948 0.386574 0.042188 0.108333
0 0.563281 0.446759 0.125521 0.125000
0 0.573177 0.648611 0.117188 0.210185
0 0.447396 0.694444 0.080208 0.074074
0 0.435417 0.454630 0.088542 0.198148
0 0.351042 0.594907 0.076042 0.149074
0 0.227865 0.477315 0.090104 0.128704
0 0.169010 0.650000 0.225521 0.301852
