0 0.382031 0.311574 0.201563 0.299074
0 0.348958 0.323148 0.073958 0.079630
0 0.490625 0.306944 0.064583 0.093519
0 0.573177 0.254167 0.053646 0.121296
0 0.648958 0.366204 0.084375 0.123148
0 0.728125 0.238889 0.059375 0.114815
0 0.768490 0.132870 0.042188 0.167593
0 0.781771 0.470370 0.036458 0.114815
0 0.735156 0.525463 0.126562 0.134259
0 0.739062 0.731481 0.121875 0.216667
0 0.740365 0.744444 0.031771 0.072222
0 0.519271 0.657870 0.073958 0.147222
0 0.352083 0.675926 0.215625 0.294444
0 0.333073 0.699074 0.125521 0.175926
0 0.399479 0.515278 0.085417 0.123148
1 0.920573 0.357870 0.158854 0.247222
