0 0.249740 0.194907 0.145313 0.284259
0 0.405469 0.272222 0.097396 0.172222
0 0.532552 0.255556 0.110937 0.205556
0 0.634375 0.209722 0.075000 0.128704
0 0.668750 0.338889 0.067708 0.157407
0 0.716927 0.584259 0.075521 0.231481
0 0.607292 0.786574 0.097917 0.104630
0 0.625260 0.687037 0.033854 0.107407
0 0.611719 0.506019 0.101562 0.239815
0 0.495312 0.631019 0.114583 0.199074
0 0.494271 0.443519 0.080208 0.150000
0 0.317708 0.367130 0.092708 0.126852
0 0.419010 0.575463 0.077604 0.162037
0 0.421094 0.818056 0.076563 0.141667
0 0.269531 0.539352 0.157812 0.239815
0 0.145573 0.489352 0.109896 0.184259
0 0.229948 0.770833 0.161979 0.291667
