0 0.251823 0.456019 0.247396 0.078704
0 0.269792 0.408333 0.063542 0.044444
0 0.240365 0.337500 0.085938 0.093519
0 0.311979 0.219444 0.098958 0.153704
0 0.424479 0.350000 0.208333 0.159259
0 0.426302 0.245833 0.199479 0.202778
0 0.011719 0.042130 0.022396 0.082407
0 0.617969 0.437500 0.131771 0.115741
0 0.763021 0.422222 0.253125 0.272222
0 0.823958 0.509259 0.188542 0.100000
0 0.722135 0.656481 0.201563 0.109259
0 0.603646 0.760648 0.062500 0.115741
0 0.376042 0.613889 0.260417 0.090741
0 0.280469 0.714815 0.403646 0.125926
1 0.647917 0.792593 0.257292 0.414815
1 0.338802 0.775926 0.249479 0.448148
