0 0.311458 0.456019 0.227083 0.152778
0 0.318490 0.434722 0.151562 0.275000
0 0.419531 0.857407 0.105729 0.159259
0 0.401562 0.226389 0.214583 0.149074
0 0.334896 0.646759 0.252083 0.210185
0 0.851562 0.241667 0.156250 0.244444
0 0.914583 0.270833 0.169792 0.276852
0 0.942969 0.127778 0.114062 0.100000
0 0.986198 0.184259 0.020313 0.125926
0 0.981510 0.043056 0.036979 0.080556
0 0.714583 0.094444 0.397917 0.181481
0 0.616406 0.030556 0.253646 0.059259
1 0.630729 0.500463 0.267708 0.999074
1 0.279167 0.820370 0.244792 0.359259
